14
5 17055.9 -306.024 2900.68 4256.09
5.07692 17041.2 -71.6244 3176.13 2885.68
5.15385 17045.3 179.804 3342.23 1421.73
5.23077 17069.1 439.625 3393.82 -82.659
5.30769 17112.9 698.964 3329.86 -1573.76
5.38462 17176.4 949.023 3153.39 -2999.25
5.46154 17258.5 1181.39 2871.38 -4310.08
5.53846 17357.5 1388.33 2494.37 -5462.24
5.61538 17471.2 1563.05 2036.07 -6418.26
5.69231 17597 1699.91 1512.75 -7148.44
5.76923 17731.7 1794.58 942.646 -7631.75
5.84615 17871.9 1844.23 345.269 -7856.46
5.92308 18014.2 1847.52 -259.342 -7820.27
6 18155 1804.66 -851.334 -7530.26
